3.688814547790364e-44
4.065252568103547e-44
4.4801055266852283e-44
4.937293610664608e-44
5.441137056417884e-44
5.996396973996979e-44
6.608320337630293e-44
7.282689567436925e-44
8.025877170880856e-44
8.844905960303981e-44
9.747515415568555e-44
1.0742234818908262e-43
1.1838463853081701e-43
1.3046561424447197e-43
1.4377943550299825e-43
1.5845191235465143e-43
1.7462169357538323e-43
1.924415768418456e-43
2.1207995260559474e-43
2.337223953125033e-43
2.57573417003739e-43
2.838583998691068e-43
3.1282572601457587e-43
3.447491245694043e-43
3.799302583120444e-43
4.187015742573615e-43
4.614294451420247e-43
5.0851763149379504e-43
5.604110969998174e-43
6.176002132275544e-43
6.806253934312171e-43
7.500821992312275e-43
8.266269684227005e-43
9.10983017093384e-43
1.0039474746584793e-42
1.1063988164005674e-42
1.2193051646939941e-42
1.3437334373568167e-42
1.480859429578417e-42
1.631978924692783e-42
1.7985199387896244e-42
1.9820562148697816e-42
2.1843220940590606e-42
2.407228904407247e-42
2.6528830221396068e-42
2.9236057760321506e-42
3.221955382998696e-42
3.550751122171854e-42
3.9130999759129135e-42
4.3124259894970295e-42
4.752502626910474e-42
5.23748842850872e-42
5.771966307485321e-42
6.360986856486812e-42
7.010116073603028e-42
7.725487958723535e-42
8.51386247727374e-42
9.382689439063783e-42
1.034017889587865e-41
1.13953787230373e-41
1.2558260118034147e-41
1.3839811824189323e-41
1.5252143969681848e-41
1.6808602503201212e-41
1.8523895307586414e-41
2.0414231183173718e-41
2.249747301418763e-41
2.4793306565533546e-41
2.7323426505051227e-41
3.0111741409061616e-41
3.318459968842389e-41
3.6571038570009455e-41
4.0303058486363834e-41
4.4415925466424177e-41
4.894850438475824e-41
5.394362621839091e-41
5.944849278164201e-41
6.551512276355013e-41
7.220084328275024e-41
7.9568831604793e-41
8.768871214090812e-41
9.663721436960078e-41
1.0649889789816524e-40
1.1736695151564392e-40
1.2934407378794882e-40
1.4254344351640087e-40
1.5708978923011532e-40
1.7312056781848918e-40
1.9078726344137517e-40
2.102568189911009e-40
2.317132136330511e-40
2.553592013319123e-40
2.814182267919267e-40
3.1013653691598976e-40
3.4178550773599865e-40
3.7666420880297e-40
4.1510222926934324e-40
4.574627923687654e-40
5.041461877238916e-40
5.555935539160739e-40