3.983647241898258e-43
4.390172498708612e-43
4.838183051377135e-43
5.331912412443596e-43
5.876026118085384e-43
6.475665815485082e-43
7.1364978492481114e-43
7.864766805991805e-43
8.66735452307989e-43
9.551845119110287e-43
1.0526596660667143e-42
1.160082014255797e-42
1.278466652786614e-42
1.408932267031086e-42
1.5527117025340843e-42
1.7111636148887356e-42
1.885785308464119e-42
2.0782268853059645e-42
2.2903068379115593e-42
2.5240292332240625e-42
2.7816026502278013e-42
3.0654610500969083e-42
3.378286776111484e-42
3.7230359006808886e-42
4.102966158992933e-42
4.521667733250294e-42
4.9830971783923193e-42
5.491614809886114e-42
6.052025906885932e-42
6.669626120113486e-42
7.350251513544703e-42
8.100333712775931e-42
8.926960681198631e-42
9.837943698292014e-42
1.0841891172950494e-41
1.194828998935106e-41
1.3167595154045056e-41
1.4511328591401873e-41
1.5992188020980288e-41
1.7624166945673073e-41
1.9422686884462696e-41
2.140474309933248e-41
2.358906519339154e-41
2.599629409779879e-41
2.864917711993839e-41
3.1572782895970544e-41
3.479473827896924e-41
3.8345489401141094e-41
4.2258589377054005e-41
4.657101536655104e-41
5.132351799346151e-41
5.656100642197023e-41
6.233297272945555e-41
6.869395958594236e-41
7.570407565954539e-41
8.342956361826893e-41
9.194342609554266e-41
1.0132611553460645e-40
1.116662944304851e-40
1.230616731535224e-40
1.3561993327155655e-40
1.4945974509574586e-40
1.6471188906542772e-40
1.8152049156862892e-40
2.0004438687621534e-40
2.2045861805938908e-40
2.429560910735767e-40
2.6774939763911024e-40
2.9507282414416144e-40
3.2518456555322308e-40
3.5836916524164697e-40
3.949402038116564e-40
4.352432622980203e-40
4.7965918776444446e-40
5.286076921492027e-40
5.825513183675936e-40
6.4199981114923556e-40
7.075149339127857e-40
7.79715777195536e-40
8.592846088003289e-40
9.46973320941237e-40
1.0436105353108378e-39
1.150109433209003e-39
1.267476384724647e-39
1.3968204585125959e-39
1.5393639020289967e-39
1.696453691259112e-39
1.8695742590776013e-39
2.0603615225189764e-39
2.2706183415100773e-39
2.5023315551431285e-39
2.7576907564750406e-39
3.0391089832669675e-39
3.349245520182957e-39
3.691031027918956e-39
4.067695236721926e-39
4.482797465991269e-39
4.9402602583600346e-39
5.444406446083926e-39
6.e-39